Chromosome	Start	End	Labels
chr1	1325157	1325157	0
chr1	1597020	1597020	0
chr1	1611653	1611653	0
chr1	3802018	3802018	0
chr1	11831543	11831543	0
chr1	11831875	11831875	0
chr1	11832921	11832921	0
chr1	11832987	11832987	0
chr1	11833856	11833856	0
chr1	11834709	11834709	0
chr1	11835070	11835070	0
chr1	11835455	11835455	1
chr1	11835556	11835556	0
chr1	11836037	11836037	0
chr1	11836233	11836233	0
chr1	11836670	11836670	0
chr1	11837473	11837473	1
chr1	11837649	11837649	0
chr1	11837757	11837757	0
chr1	11838378	11838378	0
chr1	11838451	11838451	0
chr1	11838516	11838516	0
chr1	11838696	11838696	0
chr1	11838841	11838841	1
chr1	11839009	11839009	0
chr1	11839034	11839034	0
chr1	11839201	11839201	0
chr1	11839792	11839792	0
chr1	11841881	11841881	0
chr1	11841922	11841922	0
chr1	11843683	11843683	0
chr1	11843919	11843919	1
chr1	11844737	11844737	0
chr1	11845222	11845222	1
chr1	11847772	11847772	1
chr1	11847861	11847861	0
chr1	11847902	11847902	0
chr1	11848068	11848068	0
chr1	11848972	11848972	0
chr1	11852110	11852110	0
chr1	11854896	11854896	0
chr1	11858324	11858324	0
chr1	11860117	11860117	0
chr1	11860807	11860807	0
chr1	11862047	11862047	0
chr1	15908242	15908242	0
chr1	16056740	16056740	1
chr1	16777812	16777812	0
chr1	16909820	16909820	0
chr1	17004770	17004770	1
chr1	17417253	17417253	0
chr1	17417313	17417313	0
chr1	17417315	17417315	0
chr1	17418894	17418894	0
chr1	17419066	17419066	0
chr1	17419693	17419693	0
chr1	17421923	17421923	0
chr1	17423304	17423304	0
chr1	17423310	17423310	0
chr1	17423390	17423390	0
chr1	17423475	17423475	0
chr1	19576035	19576035	0
chr1	22350165	22350165	0
chr1	22350547	22350547	0
chr1	25719511	25719511	0
chr1	25720045	25720045	0
chr1	25754025	25754025	0
chr1	26557302	26557302	0
chr1	28329729	28329729	0
chr1	28690858	28690858	0
chr1	32165495	32165495	0
chr1	36178590	36178590	0
chr1	36178868	36178868	0
chr1	36185467	36185467	0
chr1	36191030	36191030	0
chr1	36195372	36195372	0
chr1	36195809	36195809	0
chr1	36210507	36210507	0
chr1	36220558	36220558	0
chr1	36488956	36488956	0
chr1	36489977	36489977	0
chr1	36490186	36490186	1
chr1	36509956	36509956	0
chr1	36518726	36518726	0
chr1	36534644	36534644	0
chr1	37944506	37944506	0
chr1	38028374	38028374	0
chr1	38366907	38366907	1
chr1	38419218	38419218	0
chr1	39453785	39453785	0
chr1	39492462	39492462	1
chr1	39493618	39493618	1
chr1	39493781	39493781	0
chr1	39501249	39501249	0
chr1	39506141	39506141	0
chr1	39507161	39507161	0
chr1	40132795	40132795	0
chr1	40203928	40203928	0
chr1	40214375	40214375	0
chr1	46009313	46009313	0
chr1	46806393	46806393	1
chr1	46806480	46806480	1
chr1	46806550	46806550	0
chr1	53062241	53062241	0
chr1	53064034	53064034	0
chr1	54668779	54668779	0
chr1	54673097	54673097	0
chr1	54683014	54683014	0
chr1	54683413	54683413	0
chr1	54683925	54683925	0
chr1	54685195	54685195	1
chr1	54685855	54685855	0
chr1	54688211	54688211	1
chr1	62661505	62661505	1
chr1	63930811	63930811	0
chr1	70860841	70860841	0
chr1	75198740	75198740	1
chr1	75199299	75199299	0
chr1	75206820	75206820	0
chr1	75208034	75208034	0
chr1	75217752	75217752	0
chr1	75218704	75218704	0
chr1	85392324	85392324	0
chr1	85436926	85436926	0
chr1	89471892	89471892	0
chr1	89474818	89474818	0
chr1	89475135	89475135	0
chr1	89475842	89475842	0
chr1	89481583	89481583	0
chr1	89945690	89945690	0
chr1	90223400	90223400	1
chr1	93700212	93700212	0
chr1	93783795	93783795	0
chr1	97119146	97119146	0
chr1	97129720	97129720	0
chr1	97137884	97137884	0
chr1	97144187	97144187	0
chr1	97145162	97145162	0
chr1	101837079	101837079	0
chr1	110282972	110282972	1
chr1	111740345	111740345	0
chr1	144894611	144894611	0
chr1	146783569	146783569	0
chr1	150341127	150341127	0
chr1	150367569	150367569	0
chr1	155033918	155033918	0
chr1	155034632	155034632	0
chr1	155175892	155175892	0
chr1	156292298	156292298	0
chr1	160638250	160638250	0
chr1	161557154	161557154	0
chr1	161676394	161676394	0
chr1	161676970	161676970	1
chr1	161677350	161677350	0
chr1	162712404	162712404	0
chr1	166836428	166836428	0
chr1	166863767	166863767	0
chr1	168145256	168145256	1
chr1	171746953	171746953	0
chr1	171749558	171749558	0
chr1	171750557	171750557	1
chr1	171750774	171750774	1
chr1	171751687	171751687	0
chr1	171753039	171753039	0
chr1	171754164	171754164	1
chr1	171754436	171754436	0
chr1	171755170	171755170	0
chr1	171763522	171763522	0
chr1	171997318	171997318	0
chr1	172002661	172002661	0
chr1	172007376	172007376	0
chr1	172008716	172008716	0
chr1	172011395	172011395	0
chr1	172017490	172017490	0
chr1	172020587	172020587	0
chr1	172040839	172040839	1
chr1	180263954	180263954	0
chr1	180417696	180417696	0
chr1	181144597	181144597	0
chr1	182359578	182359578	0
chr1	184919549	184919549	0
chr1	201961711	201961711	0
chr1	203156080	203156080	0
chr1	212875057	212875057	0
chr1	213015222	213015222	0
chr1	213016007	213016007	0
chr1	213018243	213018243	0
chr1	213018263	213018263	0
chr1	213020721	213020721	0
chr1	213030534	213030534	0
chr1	213032568	213032568	0
chr1	213033642	213033642	0
chr1	213034718	213034718	0
chr1	213037661	213037661	0
chr1	213044141	213044141	0
chr1	213045186	213045186	0
chr1	213049214	213049214	0
chr1	213051521	213051521	0
chr1	213053820	213053820	0
chr1	213054375	213054375	0
chr1	213055184	213055184	0
chr1	213056892	213056892	0
chr1	213057078	213057078	0
chr1	213059806	213059806	0
chr1	218458551	218458551	1
chr1	222762316	222762316	0
chr1	226408451	226408451	0
chr1	226410949	226410949	0
chr1	226412230	226412230	0
chr1	233089728	233089728	0
chr1	233091463	233091463	0
chr1	234518822	234518822	0
chr1	234818422	234818422	0
chr1	235667979	235667979	1
chr1	235668161	235668161	1
chr1	243262131	243262131	0
chr1	245133662	245133662	1
chr1	248625144	248625144	0
chr2	276346	276346	0
chr2	276942	276942	0
chr2	666610	666610	0
chr2	669023	669023	0
chr2	670125	670125	0
chr2	671180	671180	0
chr2	671260	671260	0
chr2	672080	672080	0
chr2	676782	676782	1
chr2	3515015	3515015	0
chr2	6990020	6990020	0
chr2	10182183	10182183	0
chr2	10186419	10186419	0
chr2	11485457	11485457	0
chr2	15779743	15779743	0
chr2	24278544	24278544	0
chr2	24330987	24330987	0
chr2	25607758	25607758	0
chr2	27288915	27288915	0
chr2	27678471	27678471	0
chr2	27684957	27684957	0
chr2	27685388	27685388	0
chr2	31346746	31346746	0
chr2	31442622	31442622	1
chr2	32489851	32489851	0
chr2	32903548	32903548	1
chr2	37124755	37124755	0
chr2	37376314	37376314	0
chr2	46854364	46854364	0
chr2	48554955	48554955	0
chr2	48753157	48753157	0
chr2	48807976	48807976	0
chr2	54259477	54259477	0
chr2	55459373	55459373	1
chr2	55898203	55898203	0
chr2	55898290	55898290	0
chr2	64753676	64753676	0
chr2	69547236	69547236	0
chr2	69548320	69548320	0
chr2	69548591	69548591	0
chr2	69549262	69549262	1
chr2	69550036	69550036	0
chr2	69550230	69550230	0
chr2	69550256	69550256	0
chr2	69550652	69550652	0
chr2	69551011	69551011	0
chr2	69552521	69552521	0
chr2	69561073	69561073	0
chr2	70153848	70153848	0
chr2	74686329	74686329	0
chr2	74690039	74690039	0
chr2	74692647	74692647	0
chr2	74694241	74694241	0
chr2	74703321	74703321	0
chr2	74710491	74710491	1
chr2	74721055	74721055	0
chr2	74722170	74722170	0
chr2	74722224	74722224	1
chr2	74738322	74738322	0
chr2	74738350	74738350	1
chr2	75882855	75882855	0
chr2	75906972	75906972	0
chr2	75913595	75913595	0
chr2	75927536	75927536	0
chr2	75931128	75931128	0
chr2	75932627	75932627	1
chr2	75933130	75933130	0
chr2	75939781	75939781	0
chr2	75942346	75942346	0
chr2	75942725	75942725	0
chr2	86400092	86400092	0
chr2	87303060	87303060	0
chr2	88454959	88454959	0
chr2	88949926	88949926	0
chr2	88950332	88950332	0
chr2	88950772	88950772	0
chr2	88952068	88952068	1
chr2	88952598	88952598	0
chr2	88952755	88952755	0
chr2	88952943	88952943	0
chr2	88953024	88953024	0
chr2	88953219	88953219	0
chr2	88953736	88953736	0
chr2	88953936	88953936	0
chr2	88954633	88954633	0
chr2	88955359	88955359	0
chr2	88955614	88955614	0
chr2	88956120	88956120	0
chr2	88956317	88956317	0
chr2	88957178	88957178	0
chr2	88957181	88957181	0
chr2	88958265	88958265	0
chr2	88958583	88958583	0
chr2	88959086	88959086	0
chr2	88959416	88959416	0
chr2	88959608	88959608	0
chr2	88959662	88959662	0
chr2	88962014	88962014	0
chr2	88962073	88962073	0
chr2	90154131	90154131	0
chr2	95901265	95901265	0
chr2	96925269	96925269	0
chr2	96978317	96978317	0
chr2	99738962	99738962	0
chr2	109885409	109885409	0
chr2	113943470	113943470	0
chr2	113993385	113993385	1
chr2	114454908	114454908	1
chr2	114455006	114455006	0
chr2	127840867	127840867	0
chr2	127841769	127841769	0
chr2	128042100	128042100	0
chr2	128063846	128063846	0
chr2	128074433	128074433	0
chr2	128080847	128080847	1
chr2	128082232	128082232	0
chr2	128086354	128086354	0
chr2	128125615	128125615	0
chr2	128130001	128130001	0
chr2	128131762	128131762	0
chr2	128137561	128137561	0
chr2	128139293	128139293	0
chr2	128146462	128146462	1
chr2	128146762	128146762	0
chr2	131091047	131091047	0
chr2	132331901	132331901	1
chr2	132332237	132332237	0
chr2	132332446	132332446	0
chr2	135630498	135630498	1
chr2	135666103	135666103	1
chr2	135675767	135675767	1
chr2	136150512	136150512	0
chr2	152118271	152118271	1
chr2	152118275	152118275	1
chr2	171044498	171044498	0
chr2	172383988	172383988	0
chr2	178365381	178365381	0
chr2	183987210	183987210	0
chr2	183987655	183987655	0
chr2	183989637	183989637	0
chr2	183989863	183989863	0
chr2	191136794	191136794	0
chr2	191141283	191141283	0
chr2	191144892	191144892	0
chr2	191145274	191145274	0
chr2	191160196	191160196	0
chr2	191163459	191163459	0
chr2	191166212	191166212	0
chr2	191176223	191176223	0
chr2	191176479	191176479	0
chr2	191177005	191177005	0
chr2	191177467	191177467	0
chr2	191184475	191184475	0
chr2	192015072	192015072	1
chr2	196393662	196393662	0
chr2	200626678	200626678	0
chr2	200628500	200628500	0
chr2	200728475	200728475	0
chr2	200729558	200729558	0
chr2	200730028	200730028	0
chr2	201332473	201332473	0
chr2	207224602	207224602	0
chr2	208524200	208524200	0
chr2	219142594	219142594	0
chr2	219142773	219142773	0
chr2	219143229	219143229	0
chr2	219143327	219143327	0
chr2	219144089	219144089	0
chr2	219144149	219144149	0
chr2	219144230	219144230	0
chr2	219144254	219144254	0
chr2	219144498	219144498	0
chr2	219146199	219146199	0
chr2	219146607	219146607	0
chr2	219146868	219146868	0
chr2	219147245	219147245	0
chr2	219148369	219148369	0
chr2	219149163	219149163	0
chr2	219150211	219150211	0
chr2	219150238	219150238	0
chr2	219150307	219150307	0
chr2	219151218	219151218	0
chr2	219151767	219151767	1
chr2	219151926	219151926	0
chr2	219152937	219152937	0
chr2	225772392	225772392	0
chr2	231106724	231106724	0
chr2	231106935	231106935	0
chr2	231115790	231115790	0
chr2	233410922	233410922	0
chr2	238687893	238687893	0
chr2	240900227	240900227	0
chr2	240900691	240900691	0
chr2	240904088	240904088	0
chr2	240906105	240906105	0
chr2	240906202	240906202	1
chr2	240906759	240906759	0
chr2	240913588	240913588	0
chr2	240914325	240914325	0
chr2	240915301	240915301	0
chr2	240916362	240916362	0
chr2	240920291	240920291	0
chr2	240935631	240935631	0
chr2	240937946	240937946	0
chr2	240940861	240940861	0
chr2	240942342	240942342	0
chr2	240942836	240942836	0
chr2	240944434	240944434	0
chr2	240956982	240956982	0
chr2	240957243	240957243	0
chr2	240963656	240963656	0
chr2	240964714	240964714	0
chr2	240965201	240965201	0
chr2	240966245	240966245	0
chr2	242190109	242190109	0
chr2	242191378	242191378	0
chr2	243032620	243032620	0
chr3	3193903	3193903	0
chr3	9404650	9404650	1
chr3	9406704	9406704	0
chr3	10228847	10228847	0
chr3	11886216	11886216	0
chr3	11886365	11886365	0
chr3	12575593	12575593	0
chr3	13110476	13110476	0
chr3	14150414	14150414	0
chr3	14162690	14162690	0
chr3	15883739	15883739	0
chr3	19987539	19987539	0
chr3	32144406	32144406	0
chr3	37034946	37034946	1
chr3	40336671	40336671	1
chr3	40531533	40531533	0
chr3	42531939	42531939	1
chr3	42532538	42532538	0
chr3	44663014	44663014	0
chr3	44668037	44668037	0
chr3	46770884	46770884	0
chr3	46771619	46771619	1
chr3	46772878	46772878	0
chr3	46773160	46773160	0
chr3	46773510	46773510	0
chr3	46773882	46773882	0
chr3	46774677	46774677	0
chr3	46774776	46774776	0
chr3	46775322	46775322	0
chr3	46775383	46775383	0
chr3	46775410	46775410	1
chr3	46775608	46775608	0
chr3	46775948	46775948	0
chr3	46776337	46776337	0
chr3	47328744	47328744	0
chr3	47380499	47380499	1
chr3	48748989	48748989	0
chr3	48749543	48749543	0
chr3	48757291	48757291	0
chr3	48808531	48808531	0
chr3	52949254	52949254	0
chr3	52952433	52952433	0
chr3	52953069	52953069	0
chr3	52954169	52954169	0
chr3	52956023	52956023	0
chr3	52957402	52957402	0
chr3	52958304	52958304	0
chr3	52958590	52958590	1
chr3	52958927	52958927	0
chr3	52959216	52959216	0
chr3	58189980	58189980	0
chr3	66439240	66439240	0
chr3	75400991	75400991	0
chr3	87256572	87256572	0
chr3	87258133	87258133	0
chr3	87258681	87258681	0
chr3	87262727	87262727	0
chr3	87265821	87265821	0
chr3	97913251	97913251	0
chr3	97932555	97932555	0
chr3	98284706	98284706	0
chr3	98434493	98434493	0
chr3	100094154	100094154	0
chr3	100094208	100094208	0
chr3	107829562	107829562	0
chr3	111834753	111834753	0
chr3	119361250	119361250	0
chr3	119366883	119366883	0
chr3	119375441	119375441	0
chr3	119377893	119377893	0
chr3	119378015	119378015	1
chr3	119378337	119378337	0
chr3	119378373	119378373	0
chr3	119857330	119857330	0
chr3	120066393	120066393	0
chr3	122130751	122130751	0
chr3	122473354	122473354	0
chr3	122480816	122480816	0
chr3	122484015	122484015	0
chr3	122495725	122495725	0
chr3	122502093	122502093	0
chr3	122504041	122504041	0
chr3	122504282	122504282	0
chr3	122507436	122507436	0
chr3	122512631	122512631	1
chr3	125461410	125461410	0
chr3	129813062	129813062	0
chr3	134254991	134254991	0
chr3	152218441	152218441	0
chr3	156384295	156384295	0
chr3	156930581	156930581	0
chr3	158213841	158213841	0
chr3	190005490	190005490	0
chr3	194294509	194294509	0
chr3	195335265	195335265	0
chr3	195338127	195338127	0
chr3	195462265	195462265	0
chr3	195683905	195683905	0
chr3	196464405	196464405	0
chr4	719287	719287	0
chr4	726322	726322	0
chr4	727153	727153	1
chr4	1002125	1002125	0
chr4	1002448	1002448	0
chr4	1002848	1002848	0
chr4	1003788	1003788	0
chr4	1255460	1255460	0
chr4	3509153	3509153	0
chr4	8372020	8372020	0
chr4	8373088	8373088	0
chr4	10009917	10009917	0
chr4	25878496	25878496	0
chr4	25888079	25888079	0
chr4	38789675	38789675	0
chr4	38793860	38793860	0
chr4	38794041	38794041	0
chr4	38795810	38795810	0
chr4	39449824	39449824	0
chr4	39452499	39452499	0
chr4	39453730	39453730	0
chr4	39457430	39457430	1
chr4	39458051	39458051	1
chr4	39458765	39458765	0
chr4	39459724	39459724	0
chr4	40056859	40056859	0
chr4	40057289	40057289	0
chr4	41217246	41217246	0
chr4	41972192	41972192	0
chr4	57224519	57224519	0
chr4	57507741	57507741	0
chr4	68474847	68474847	0
chr4	68475367	68475367	0
chr4	68478574	68478574	0
chr4	68478852	68478852	0
chr4	68479388	68479388	0
chr4	68481933	68481933	0
chr4	68484094	68484094	0
chr4	68484199	68484199	0
chr4	68484396	68484396	0
chr4	68490019	68490019	0
chr4	68490650	68490650	0
chr4	68492060	68492060	0
chr4	68498338	68498338	0
chr4	68498351	68498351	0
chr4	68498892	68498892	0
chr4	68499763	68499763	0
chr4	68500441	68500441	0
chr4	68501455	68501455	0
chr4	68507475	68507475	0
chr4	68508231	68508231	1
chr4	68511502	68511502	0
chr4	68515679	68515679	0
chr4	68518546	68518546	0
chr4	68518680	68518680	0
chr4	68522312	68522312	0
chr4	68522380	68522380	0
chr4	68523689	68523689	1
chr4	68524242	68524242	0
chr4	68528744	68528744	0
chr4	68532354	68532354	0
chr4	68532387	68532387	0
chr4	68533910	68533910	0
chr4	68535741	68535741	1
chr4	68536489	68536489	0
chr4	68536679	68536679	0
chr4	68538491	68538491	0
chr4	68538674	68538674	0
chr4	68539771	68539771	0
chr4	68541413	68541413	0
chr4	68543240	68543240	0
chr4	68549511	68549511	0
chr4	68550915	68550915	0
chr4	68551736	68551736	0
chr4	68552561	68552561	0
chr4	68554208	68554208	0
chr4	68556897	68556897	0
chr4	68561970	68561970	0
chr4	68562365	68562365	0
chr4	68563779	68563779	0
chr4	68564405	68564405	1
chr4	68564618	68564618	0
chr4	68565696	68565696	0
chr4	68568274	68568274	0
chr4	68568323	68568323	0
chr4	68571297	68571297	1
chr4	68572929	68572929	0
chr4	68573114	68573114	0
chr4	68574098	68574098	0
chr4	68574450	68574450	0
chr4	68575416	68575416	0
chr4	68577173	68577173	0
chr4	68577264	68577264	0
chr4	68577669	68577669	0
chr4	68579693	68579693	1
chr4	68580698	68580698	0
chr4	68580776	68580776	0
chr4	68582771	68582771	0
chr4	68584183	68584183	0
chr4	68585713	68585713	0
chr4	68590244	68590244	0
chr4	68592504	68592504	0
chr4	68592539	68592539	0
chr4	68596782	68596782	0
chr4	68596811	68596811	0
chr4	68598549	68598549	0
chr4	68600451	68600451	0
chr4	68602136	68602136	0
chr4	68602157	68602157	0
chr4	68602894	68602894	0
chr4	68604143	68604143	0
chr4	68604307	68604307	0
chr4	68605389	68605389	1
chr4	68605396	68605396	0
chr4	68605615	68605615	0
chr4	69354362	69354362	0
chr4	69975347	69975347	0
chr4	83821324	83821324	0
chr4	83830244	83830244	0
chr4	83836725	83836725	0
chr4	83848965	83848965	0
chr4	83855538	83855538	0
chr4	83865485	83865485	0
chr4	83892046	83892046	0
chr4	84141378	84141378	0
chr4	84515775	84515775	0
chr4	93520446	93520446	0
chr4	101094284	101094284	0
chr4	103680984	103680984	0
chr4	107177196	107177196	0
chr4	120120607	120120607	0
chr4	120120930	120120930	0
chr4	120405186	120405186	0
chr4	122722368	122722368	1
chr4	122833401	122833401	0
chr4	122834559	122834559	0
chr4	122835040	122835040	0
chr4	122836332	122836332	0
chr4	122837623	122837623	0
chr4	122839250	122839250	0
chr4	122841696	122841696	0
chr4	130022161	130022161	0
chr4	130022448	130022448	0
chr4	130025873	130025873	0
chr4	130029879	130029879	0
chr4	140596699	140596699	0
chr4	142159065	142159065	0
chr4	142159228	142159228	0
chr4	142159511	142159511	0
chr4	142160229	142160229	0
chr4	142161354	142161354	0
chr4	142161479	142161479	0
chr4	142162403	142162403	0
chr4	142163092	142163092	0
chr4	142163347	142163347	0
chr4	142230607	142230607	0
chr4	144655795	144655795	0
chr4	152643972	152643972	0
chr4	152646548	152646548	0
chr4	152651503	152651503	1
chr4	152663394	152663394	0
chr4	152663971	152663971	0
chr4	152664163	152664163	0
chr4	152666768	152666768	0
chr4	152667171	152667171	0
chr4	152668224	152668224	0
chr4	152668785	152668785	1
chr4	152671405	152671405	0
chr4	152671640	152671640	0
chr4	152672882	152672882	0
chr4	152676350	152676350	0
chr4	152677527	152677527	0
chr4	156934729	156934729	0
chr4	164412964	164412964	0
chr4	165901661	165901661	0
chr4	187112310	187112310	0
chr4	187120211	187120211	0
chr4	187120697	187120697	0
chr5	374510	374510	0
chr5	469379	469379	0
chr5	470087	470087	0
chr5	933810	933810	0
chr5	1104938	1104938	1
chr5	1592804	1592804	0
chr5	9378605	9378605	0
chr5	9379269	9379269	0
chr5	9379371	9379371	0
chr5	9385983	9385983	0
chr5	9386023	9386023	0
chr5	9389777	9389777	0
chr5	9389867	9389867	0
chr5	9392666	9392666	0
chr5	34934117	34934117	0
chr5	34936806	34936806	0
chr5	34939794	34939794	0
chr5	34945122	34945122	0
chr5	34951903	34951903	0
chr5	34954079	34954079	0
chr5	34955550	34955550	1
chr5	34963117	34963117	0
chr5	35307302	35307302	0
chr5	36702864	36702864	0
chr5	49943352	49943352	0
chr5	52378673	52378673	0
chr5	56205357	56205357	1
chr5	60095272	60095272	0
chr5	60341996	60341996	0
chr5	64351146	64351146	0
chr5	64351942	64351942	0
chr5	64357182	64357182	0
chr5	64357583	64357583	0
chr5	64358275	64358275	0
chr5	64851737	64851737	0
chr5	64854953	64854953	0
chr5	64855722	64855722	0
chr5	65018321	65018321	0
chr5	65019590	65019590	0
chr5	65019845	65019845	0
chr5	65022107	65022107	0
chr5	65022213	65022213	0
chr5	65022511	65022511	0
chr5	65022567	65022567	0
chr5	65023122	65023122	0
chr5	65023197	65023197	0
chr5	65025249	65025249	0
chr5	65025493	65025493	0
chr5	65026979	65026979	0
chr5	65027004	65027004	0
chr5	65027692	65027692	0
chr5	65030569	65030569	0
chr5	65030949	65030949	1
chr5	65031492	65031492	0
chr5	65032191	65032191	0
chr5	65032503	65032503	0
chr5	65032527	65032527	0
chr5	65032824	65032824	0
chr5	65033048	65033048	0
chr5	65033133	65033133	0
chr5	65033454	65033454	0
chr5	65033725	65033725	0
chr5	65033736	65033736	0
chr5	65033852	65033852	0
chr5	65033888	65033888	1
chr5	65034314	65034314	0
chr5	65034379	65034379	0
chr5	65034571	65034571	0
chr5	65034936	65034936	0
chr5	65035012	65035012	0
chr5	65037286	65037286	0
chr5	65037840	65037840	0
chr5	65038375	65038375	0
chr5	65038564	65038564	0
chr5	65038827	65038827	0
chr5	65039667	65039667	0
chr5	65039880	65039880	0
chr5	68462801	68462801	1
chr5	72904550	72904550	1
chr5	80575775	80575775	1
chr5	80589998	80589998	1
chr5	80615716	80615716	0
chr5	81344502	81344502	0
chr5	82377004	82377004	0
chr5	94890365	94890365	0
chr5	94903527	94903527	0
chr5	94911425	94911425	0
chr5	94911983	94911983	0
chr5	94921713	94921713	0
chr5	94925849	94925849	0
chr5	94937676	94937676	0
chr5	94938392	94938392	0
chr5	96252589	96252589	0
chr5	110562219	110562219	0
chr5	110562330	110562330	0
chr5	110562604	110562604	0
chr5	110563254	110563254	0
chr5	110563642	110563642	0
chr5	110564273	110564273	0
chr5	112971516	112971516	1
chr5	112974729	112974729	0
chr5	112976905	112976905	0
chr5	125784359	125784359	0
chr5	131684042	131684042	0
chr5	138775552	138775552	0
chr5	147162475	147162475	1
chr5	149342988	149342988	1
chr5	149445987	149445987	0
chr5	150798334	150798334	0
chr5	156699129	156699129	0
chr5	169014301	169014301	0
chr5	175815782	175815782	1
chr5	175815787	175815787	1
chr5	175817499	175817499	0
chr5	176699268	176699268	0
chr5	176935999	176935999	1
chr5	177114972	177114972	0
chr5	177135320	177135320	1
chr5	177136642	177136642	1
chr5	178135868	178135868	0
chr5	178135917	178135917	0
chr5	178136005	178136005	0
chr5	178136440	178136440	0
chr5	178137161	178137161	0
chr5	178140090	178140090	0
chr5	178141071	178141071	0
chr5	178141421	178141421	0
chr5	178142628	178142628	0
chr5	178144617	178144617	0
chr5	178287365	178287365	0
chr5	179741374	179741374	0
chr5	180221135	180221135	0
chr5	180221198	180221198	0
chr5	180221355	180221355	0
chr5	180221663	180221663	0
chr5	180221751	180221751	0
chr5	180221878	180221878	0
chr5	180222229	180222229	0
chr5	180222439	180222439	0
chr5	180222789	180222789	0
chr5	180222846	180222846	0
chr5	180222999	180222999	0
chr5	180223044	180223044	0
chr5	180223064	180223064	0
chr5	180223193	180223193	0
chr5	180223416	180223416	0
chr5	180224383	180224383	0
chr5	180224518	180224518	0
chr5	180225308	180225308	0
chr5	180225542	180225542	0
chr5	180225815	180225815	0
chr5	180227032	180227032	0
chr5	180227628	180227628	0
chr5	180227886	180227886	0
chr5	180227904	180227904	0
chr5	180228080	180228080	0
chr5	180228751	180228751	0
chr5	180228974	180228974	0
chr5	180229013	180229013	1
chr5	180230104	180230104	0
chr5	180230370	180230370	0
chr5	180230486	180230486	0
chr5	180230642	180230642	0
chr5	180230661	180230661	0
chr5	180231245	180231245	0
chr5	180231255	180231255	0
chr5	180231427	180231427	0
chr5	180231452	180231452	0
chr5	180231521	180231521	0
chr5	180232515	180232515	0
chr5	180233240	180233240	0
chr5	180234514	180234514	0
chr6	2231061	2231061	0
chr6	2232376	2232376	0
chr6	2246618	2246618	1
chr6	2940632	2940632	1
chr6	3009944	3009944	0
chr6	3205434	3205434	0
chr6	3205476	3205476	0
chr6	3205565	3205565	0
chr6	3205622	3205622	0
chr6	5002737	5002737	0
chr6	5003981	5003981	1
chr6	5004528	5004528	1
chr6	8064251	8064251	0
chr6	8066286	8066286	0
chr6	10899254	10899254	0
chr6	24721667	24721667	1
chr6	25070345	25070345	0
chr6	26354100	26354100	0
chr6	26354247	26354247	0
chr6	26354780	26354780	1
chr6	26355094	26355094	0
chr6	26356347	26356347	0
chr6	26356951	26356951	1
chr6	26357011	26357011	0
chr6	26357278	26357278	0
chr6	26357635	26357635	0
chr6	26358775	26358775	0
chr6	26359241	26359241	0
chr6	26360311	26360311	0
chr6	26361011	26361011	0
chr6	26361500	26361500	0
chr6	26361985	26361985	0
chr6	26362119	26362119	0
chr6	26362486	26362486	0
chr6	26362643	26362643	0
chr6	26362705	26362705	0
chr6	26362854	26362854	0
chr6	26363755	26363755	0
chr6	26364628	26364628	0
chr6	26364930	26364930	0
chr6	26365913	26365913	0
chr6	26366511	26366511	0
chr6	26366836	26366836	0
chr6	26367654	26367654	0
chr6	26367689	26367689	0
chr6	26367833	26367833	0
chr6	26368279	26368279	0
chr6	26369252	26369252	0
chr6	26369549	26369549	0
chr6	26369587	26369587	0
chr6	26370365	26370365	0
chr6	26370474	26370474	0
chr6	26370572	26370572	0
chr6	26370657	26370657	1
chr6	26370659	26370659	0
chr6	26371000	26371000	0
chr6	26371679	26371679	1
chr6	26372427	26372427	0
chr6	26372584	26372584	0
chr6	26372786	26372786	0
chr6	26372827	26372827	0
chr6	26373086	26373086	0
chr6	26373121	26373121	0
chr6	26373150	26373150	0
chr6	26373507	26373507	0
chr6	26373678	26373678	0
chr6	26373740	26373740	0
chr6	26374274	26374274	0
chr6	26374978	26374978	1
chr6	26375159	26375159	0
chr6	26375243	26375243	0
chr6	26375256	26375256	0
chr6	26375658	26375658	0
chr6	26375854	26375854	0
chr6	26376103	26376103	0
chr6	26376314	26376314	0
chr6	26376368	26376368	0
chr6	26467182	26467182	0
chr6	26467531	26467531	0
chr6	26471155	26471155	1
chr6	28104476	28104476	0
chr6	28105196	28105196	1
chr6	28106141	28106141	1
chr6	28106347	28106347	0
chr6	28106759	28106759	0
chr6	28106790	28106790	0
chr6	28106827	28106827	0
chr6	28107654	28107654	0
chr6	28107776	28107776	0
chr6	28108085	28108085	1
chr6	28108232	28108232	0
chr6	28108967	28108967	0
chr6	28109262	28109262	0
chr6	28110148	28110148	0
chr6	28111536	28111536	0
chr6	28112562	28112562	1
chr6	28113730	28113730	0
chr6	28115156	28115156	0
chr6	28115184	28115184	0
chr6	28115921	28115921	0
chr6	28117757	28117757	0
chr6	28118874	28118874	0
chr6	28120348	28120348	0
chr6	28120663	28120663	0
chr6	28120898	28120898	0
chr6	28122345	28122345	0
chr6	28124469	28124469	0
chr6	28126202	28126202	1
chr6	28126834	28126834	0
chr6	28127710	28127710	1
chr6	28129580	28129580	1
chr6	28129831	28129831	0
chr6	28130376	28130376	0
chr6	28131153	28131153	0
chr6	28131537	28131537	0
chr6	28132358	28132358	0
chr6	28132603	28132603	0
chr6	28132726	28132726	0
chr6	28132803	28132803	0
chr6	28133306	28133306	0
chr6	28133528	28133528	0
chr6	28135660	28135660	0
chr6	28136212	28136212	0
chr6	28136356	28136356	0
chr6	28136797	28136797	0
chr6	28137027	28137027	0
chr6	28137454	28137454	0
chr6	28137533	28137533	0
chr6	28137569	28137569	0
chr6	28137853	28137853	0
chr6	28141548	28141548	0
chr6	28142587	28142587	0
chr6	28144751	28144751	0
chr6	28147987	28147987	0
chr6	28408258	28408258	0
chr6	28412929	28412929	1
chr6	29147345	29147345	0
chr6	29643877	29643877	0
chr6	29653713	29653713	0
chr6	29653873	29653873	0
chr6	29654035	29654035	0
chr6	29658154	29658154	0
chr6	29659400	29659400	0
chr6	29660462	29660462	0
chr6	29660660	29660660	1
chr6	29661272	29661272	0
chr6	29661302	29661302	0
chr6	29661635	29661635	0
chr6	29662769	29662769	0
chr6	29663467	29663467	0
chr6	29664983	29664983	0
chr6	29669998	29669998	0
chr6	29672819	29672819	0
chr6	29673606	29673606	1
chr6	29674288	29674288	0
chr6	29677746	29677746	0
chr6	29678109	29678109	0
chr6	29680714	29680714	0
chr6	29682059	29682059	0
chr6	29682103	29682103	0
chr6	29691003	29691003	1
chr6	29693726	29693726	0
chr6	29694443	29694443	0
chr6	29695808	29695808	0
chr6	29700504	29700504	0
chr6	29702574	29702574	1
chr6	29704400	29704400	0
chr6	29708522	29708522	0
chr6	29711380	29711380	0
chr6	29717478	29717478	0
chr6	29718955	29718955	0
chr6	29721146	29721146	0
chr6	29723360	29723360	0
chr6	29724514	29724514	0
chr6	29727954	29727954	0
chr6	29728621	29728621	0
chr6	29730095	29730095	0
chr6	29731966	29731966	0
chr6	29738042	29738042	0
chr6	29739000	29739000	0
chr6	29740024	29740024	0
chr6	29740548	29740548	0
chr6	29741535	29741535	0
chr6	29742842	29742842	0
chr6	29744135	29744135	0
chr6	29745211	29745211	0
chr6	29748509	29748509	0
chr6	29753583	29753583	0
chr6	29753831	29753831	0
chr6	29760029	29760029	0
chr6	29760536	29760536	0
chr6	29762178	29762178	0
chr6	29762639	29762639	0
chr6	29766070	29766070	0
chr6	29766301	29766301	0
chr6	29781559	29781559	0
chr6	29783419	29783419	0
chr6	29785070	29785070	0
chr6	29785662	29785662	0
chr6	29785827	29785827	0
chr6	29785828	29785828	0
chr6	29786335	29786335	0
chr6	29786873	29786873	0
chr6	29790563	29790563	0
chr6	29791992	29791992	1
chr6	29792442	29792442	0
chr6	29792470	29792470	0
chr6	29796369	29796369	0
chr6	29796749	29796749	0
chr6	29798083	29798083	0
chr6	29798634	29798634	0
chr6	29799383	29799383	0
chr6	29800067	29800067	0
chr6	29801113	29801113	1
chr6	29801652	29801652	0
chr6	29802676	29802676	0
chr6	29802893	29802893	0
chr6	29802971	29802971	0
chr6	29802978	29802978	0
chr6	29803114	29803114	0
chr6	29803341	29803341	0
chr6	29803382	29803382	0
chr6	29803523	29803523	0
chr6	29803730	29803730	0
chr6	29804176	29804176	0
chr6	29804319	29804319	0
chr6	29804454	29804454	0
chr6	29805121	29805121	0
chr6	29805276	29805276	0
chr6	29805471	29805471	0
chr6	29807077	29807077	0
chr6	29807591	29807591	1
chr6	29807626	29807626	0
chr6	29807775	29807775	0
chr6	29809508	29809508	0
chr6	29809956	29809956	0
chr6	29810447	29810447	0
chr6	29810467	29810467	0
chr6	29810496	29810496	0
chr6	29810851	29810851	0
chr6	29810877	29810877	0
chr6	29811750	29811750	0
chr6	29811819	29811819	0
chr6	29812255	29812255	0
chr6	29813430	29813430	1
chr6	29813489	29813489	1
chr6	29813565	29813565	0
chr6	29813836	29813836	0
chr6	29813855	29813855	0
chr6	29813870	29813870	0
chr6	29814364	29814364	0
chr6	29814553	29814553	0
chr6	29814986	29814986	0
chr6	29815057	29815057	0
chr6	29815694	29815694	0
chr6	29816041	29816041	1
chr6	29816289	29816289	0
chr6	29817253	29817253	0
chr6	29817288	29817288	0
chr6	29817379	29817379	0
chr6	29819330	29819330	0
chr6	29823191	29823191	0
chr6	29826149	29826149	0
chr6	29829450	29829450	0
chr6	29829494	29829494	0
chr6	29830777	29830777	0
chr6	29833109	29833109	0
chr6	29835346	29835346	0
chr6	29836018	29836018	0
chr6	29836270	29836270	0
chr6	29836817	29836817	0
chr6	29836825	29836825	0
chr6	29836951	29836951	0
chr6	29837882	29837882	0
chr6	29837940	29837940	0
chr6	29839097	29839097	0
chr6	29840298	29840298	0
chr6	29842577	29842577	0
chr6	29843023	29843023	0
chr6	29906026	29906026	0
chr6	29906533	29906533	1
chr6	29906557	29906557	0
chr6	29907486	29907486	0
chr6	29907494	29907494	0
chr6	29907544	29907544	0
chr6	29907824	29907824	0
chr6	29908753	29908753	0
chr6	29910027	29910027	0
chr6	29910033	29910033	1
chr6	29910277	29910277	1
chr6	29910324	29910324	1
chr6	29912510	29912510	0
chr6	29913386	29913386	0
chr6	29913708	29913708	0
chr6	29915117	29915117	0
chr6	29916490	29916490	0
chr6	29918099	29918099	0
chr6	29918436	29918436	0
chr6	29919220	29919220	0
chr6	29919670	29919670	0
chr6	29923489	29923489	1
chr6	29925281	29925281	1
chr6	29925877	29925877	0
chr6	29926389	29926389	0
chr6	29926415	29926415	0
chr6	29927014	29927014	0
chr6	29928188	29928188	0
chr6	29928557	29928557	0
chr6	29929324	29929324	0
chr6	29930402	29930402	0
chr6	29930460	29930460	0
chr6	29934891	29934891	0
chr6	29935997	29935997	0
chr6	29936106	29936106	0
chr6	29938293	29938293	0
chr6	29938736	29938736	0
chr6	29941011	29941011	0
chr6	29943832	29943832	0
chr6	29943906	29943906	0
chr6	29948941	29948941	0
chr6	29949843	29949843	0
chr6	29961566	29961566	0
chr6	29969135	29969135	0
chr6	29971574	29971574	0
chr6	29971675	29971675	0
chr6	29973620	29973620	0
chr6	29981750	29981750	0
chr6	29983301	29983301	0
chr6	29985492	29985492	0
chr6	29993421	29993421	0
chr6	29995704	29995704	0
chr6	29997976	29997976	0
chr6	30000687	30000687	0
chr6	30001703	30001703	0
chr6	30006805	30006805	0
chr6	30012624	30012624	0
chr6	30012760	30012760	0
chr6	30015254	30015254	1
chr6	30016074	30016074	0
chr6	30018349	30018349	0
chr6	30020826	30020826	0
chr6	30022598	30022598	0
chr6	30023771	30023771	0
chr6	30026290	30026290	0
chr6	30026768	30026768	0
chr6	30031456	30031456	0
chr6	30032917	30032917	0
chr6	30036333	30036333	0
chr6	30041036	30041036	0
chr6	30043779	30043779	1
chr6	30043955	30043955	1
chr6	30044249	30044249	0
chr6	30046005	30046005	1
chr6	30046011	30046011	0
chr6	30046376	30046376	0
chr6	30046429	30046429	0
chr6	30046682	30046682	0
chr6	30303208	30303208	0
chr6	30312881	30312881	1
chr6	30888161	30888161	0
chr6	30889260	30889260	0
chr6	30890871	30890871	0
chr6	30894759	30894759	0
chr6	31151926	31151926	0
chr6	31268832	31268832	0
chr6	31272590	31272590	1
chr6	31480671	31480671	1
chr6	31481092	31481092	0
chr6	31481535	31481535	0
chr6	31580507	31580507	0
chr6	31884823	31884823	0
chr6	32569859	32569859	0
chr6	32629889	32629889	0
chr6	32796226	32796226	0
chr6	33052007	33052007	0
chr6	33052008	33052008	0
chr6	33114068	33114068	0
chr6	34287812	34287812	0
chr6	35114958	35114958	0
chr6	36842183	36842183	0
chr6	36842192	36842192	0
chr6	36842427	36842427	0
chr6	36843777	36843777	0
chr6	36846988	36846988	1
chr6	36853037	36853037	1
chr6	36974793	36974793	0
chr6	36975189	36975189	0
chr6	41070216	41070216	0
chr6	42174611	42174611	0
chr6	44070960	44070960	0
chr6	44139869	44139869	1
chr6	45136924	45136924	0
chr6	45142682	45142682	0
chr6	49393275	49393275	0
chr6	49395977	49395977	0
chr6	49396453	49396453	0
chr6	49400326	49400326	1
chr6	49400795	49400795	1
chr6	52534078	52534078	0
chr6	52534702	52534702	0
chr6	52534931	52534931	0
chr6	79483933	79483933	0
chr6	88065112	88065112	0
chr6	88184111	88184111	0
chr6	88185386	88185386	0
chr6	88193175	88193175	1
chr6	88194500	88194500	1
chr6	89851523	89851523	0
chr6	89856450	89856450	0
chr6	105210682	105210682	0
chr6	107077502	107077502	0
chr6	109706290	109706290	0
chr6	109708888	109708888	0
chr6	109716964	109716964	0
chr6	109720350	109720350	0
chr6	109734916	109734916	0
chr6	109735498	109735498	0
chr6	109737428	109737428	0
chr6	109744441	109744441	0
chr6	109745914	109745914	0
chr6	109750027	109750027	0
chr6	109750410	109750410	1
chr6	109751601	109751601	1
chr6	109757893	109757893	0
chr6	109762236	109762236	0
chr6	111929862	111929862	0
chr6	116312893	116312893	0
chr6	116768917	116768917	0
chr6	131386536	131386536	0
chr6	135268142	135268142	0
chr6	135362378	135362378	0
chr6	136689360	136689360	0
chr6	139591891	139591891	0
chr6	141219522	141219522	1
chr6	149112117	149112117	0
chr6	149112190	149112190	1
chr6	157610620	157610620	0
chr6	158572975	158572975	0
chr6	160494521	160494521	1
chr6	160498049	160498049	0
chr6	160502460	160502460	1
chr6	160503894	160503894	0
chr6	160506462	160506462	0
chr6	160506755	160506755	0
chr6	160511354	160511354	0
chr6	160513793	160513793	0
chr6	166741291	166741291	0
chr6	167360104	167360104	0
chr6	167394634	167394634	0
chr6	170108799	170108799	0
chr7	630286	630286	0
chr7	1200477	1200477	0
chr7	1200845	1200845	0
chr7	1203841	1203841	0
chr7	1203957	1203957	0
chr7	1782032	1782032	0
chr7	2393632	2393632	0
chr7	6089160	6089160	1
chr7	6090727	6090727	0
chr7	6092639	6092639	0
chr7	6099699	6099699	1
chr7	6099966	6099966	0
chr7	6101800	6101800	0
chr7	6102055	6102055	0
chr7	6502367	6502367	0
chr7	6884764	6884764	0
chr7	6896857	6896857	0
chr7	20160779	20160779	0
chr7	23634985	23634985	1
chr7	27143757	27143757	1
chr7	30634661	30634661	0
chr7	30642499	30642499	0
chr7	30651938	30651938	0
chr7	30838237	30838237	1
chr7	32559196	32559196	0
chr7	32560002	32560002	0
chr7	32560554	32560554	1
chr7	32790203	32790203	1
chr7	32793157	32793157	0
chr7	32794259	32794259	0
chr7	32794731	32794731	0
chr7	32797921	32797921	0
chr7	32798509	32798509	1
chr7	32799538	32799538	0
chr7	32801638	32801638	0
chr7	32802679	32802679	0
chr7	32802719	32802719	0
chr7	32803116	32803116	1
chr7	32804950	32804950	0
chr7	32805325	32805325	0
chr7	32806356	32806356	0
chr7	32807748	32807748	0
chr7	32809022	32809022	0
chr7	32811294	32811294	0
chr7	32811405	32811405	0
chr7	32812096	32812096	0
chr7	32814458	32814458	1
chr7	32815508	32815508	0
chr7	32816145	32816145	0
chr7	37956395	37956395	0
chr7	38399411	38399411	0
chr7	38412706	38412706	1
chr7	38415339	38415339	0
chr7	38416248	38416248	0
chr7	38416291	38416291	0
chr7	38417805	38417805	0
chr7	38821935	38821935	0
chr7	38823639	38823639	0
chr7	38847245	38847245	0
chr7	38850989	38850989	0
chr7	38857205	38857205	0
chr7	38862474	38862474	0
chr7	38865122	38865122	0
chr7	38869708	38869708	0
chr7	38870380	38870380	0
chr7	38871983	38871983	0
chr7	38875462	38875462	0
chr7	44836314	44836314	1
chr7	44989350	44989350	0
chr7	56135458	56135458	0
chr7	65932260	65932260	0
chr7	66068509	66068509	0
chr7	66786384	66786384	0
chr7	72187987	72187987	0
chr7	72188483	72188483	0
chr7	72190246	72190246	0
chr7	72196650	72196650	1
chr7	72196999	72196999	0
chr7	72212660	72212660	0
chr7	72281623	72281623	1
chr7	72417063	72417063	0
chr7	73275501	73275501	1
chr7	73275565	73275565	0
chr7	73275769	73275769	0
chr7	73276586	73276586	0
chr7	74358919	74358919	0
chr7	74488775	74488775	0
chr7	75095377	75095377	0
chr7	75243991	75243991	0
chr7	75815141	75815141	0
chr7	75821544	75821544	0
chr7	75833138	75833138	0
chr7	76565272	76565272	0
chr7	76565333	76565333	0
chr7	89770968	89770968	0
chr7	89989588	89989588	0
chr7	89993454	89993454	0
chr7	90015825	90015825	0
chr7	94021475	94021475	1
chr7	97595134	97595134	0
chr7	97596855	97596855	0
chr7	97597132	97597132	0
chr7	98765616	98765616	0
chr7	99705320	99705320	0
chr7	99705358	99705358	0
chr7	99708326	99708326	0
chr7	99708388	99708388	0
chr7	99747130	99747130	0
chr7	100656003	100656003	0
chr7	100722638	100722638	0
chr7	105149898	105149898	0
chr7	105162707	105162707	1
chr7	105171983	105171983	1
chr7	116212474	116212474	0
chr7	128082234	128082234	0
chr7	128083454	128083454	1
chr7	128085950	128085950	0
chr7	128092416	128092416	0
chr7	128117227	128117227	0
chr7	128269933	128269933	0
chr7	128311317	128311317	1
chr7	129935875	129935875	0
chr7	134743728	134743728	0
chr7	134771696	134771696	0
chr7	135333172	135333172	0
chr7	141398707	141398707	0
chr7	143425361	143425361	0
chr7	143426631	143426631	0
chr7	143428055	143428055	0
chr7	143429038	143429038	0
chr7	143429599	143429599	0
chr7	143429644	143429644	0
chr7	143431034	143431034	0
chr7	143869221	143869221	1
chr7	148943989	148943989	0
chr7	148955659	148955659	0
chr7	149575707	149575707	0
chr7	150020489	150020489	0
chr7	150020526	150020526	0
chr7	150026753	150026753	0
chr7	150133062	150133062	1
chr7	156433243	156433243	1
chr8	6263083	6263083	0
chr8	6263465	6263465	0
chr8	11337587	11337587	0
chr8	11338370	11338370	0
chr8	11339882	11339882	0
chr8	11339965	11339965	0
chr8	11341870	11341870	0
chr8	11343973	11343973	0
chr8	11347833	11347833	0
chr8	11348961	11348961	0
chr8	11349186	11349186	0
chr8	11351019	11351019	0
chr8	11653150	11653150	0
chr8	11718528	11718528	0
chr8	12234319	12234319	0
chr8	27230819	27230819	0
chr8	30488688	30488688	1
chr8	30977392	30977392	0
chr8	33336206	33336206	0
chr8	41449499	41449499	0
chr8	42418445	42418445	0
chr8	42431768	42431768	0
chr8	49469523	49469523	0
chr8	52714188	52714188	0
chr8	66590080	66590080	1
chr8	71666532	71666532	0
chr8	76325639	76325639	0
chr8	79458528	79458528	0
chr8	79473033	79473033	1
chr8	79473378	79473378	0
chr8	79598362	79598362	0
chr8	79608254	79608254	0
chr8	82726140	82726140	0
chr8	95576847	95576847	0
chr8	95577270	95577270	0
chr8	95578201	95578201	0
chr8	96104690	96104690	1
chr8	96104700	96104700	0
chr8	96105186	96105186	0
chr8	96105278	96105278	0
chr8	96105761	96105761	0
chr8	96105860	96105860	0
chr8	96105933	96105933	1
chr8	96106192	96106192	0
chr8	99305363	99305363	0
chr8	104345778	104345778	0
chr8	104439168	104439168	0
chr8	110109530	110109530	1
chr8	110112671	110112671	0
chr8	110121970	110121970	0
chr8	110129100	110129100	0
chr8	110139475	110139475	0
chr8	119642918	119642918	0
chr8	119648391	119648391	1
chr8	120861515	120861515	0
chr8	124446796	124446796	0
chr8	142137634	142137634	0
chr8	142137704	142137704	0
chr8	142138860	142138860	0
chr8	142139187	142139187	0
chr8	144646352	144646352	0
chr8	145020025	145020025	0
chr8	145020636	145020636	0
chr8	145021167	145021167	0
chr8	145021428	145021428	0
chr8	145618862	145618862	0
chr8	146017782	146017782	1
chr9	2600628	2600628	0
chr9	6631099	6631099	1
chr9	6671492	6671492	0
chr9	6671892	6671892	0
chr9	6671964	6671964	0
chr9	6671965	6671965	0
chr9	34649442	34649442	0
chr9	35153123	35153123	0
chr9	35154028	35154028	0
chr9	37488009	37488009	0
chr9	37488461	37488461	0
chr9	37490083	37490083	0
chr9	37491719	37491719	0
chr9	37492367	37492367	0
chr9	37501844	37501844	0
chr9	37505793	37505793	0
chr9	37514867	37514867	0
chr9	37515711	37515711	0
chr9	37516211	37516211	0
chr9	37520102	37520102	0
chr9	37528290	37528290	0
chr9	37751751	37751751	0
chr9	41969601	41969601	0
chr9	66522866	66522866	0
chr9	70173899	70173899	0
chr9	77707300	77707300	0
chr9	80866650	80866650	0
chr9	80867591	80867591	0
chr9	92337887	92337887	1
chr9	92494768	92494768	0
chr9	97125603	97125603	0
chr9	99282269	99282269	0
chr9	99746873	99746873	0
chr9	100274565	100274565	0
chr9	100275424	100275424	0
chr9	111715207	111715207	0
chr9	111772348	111772348	0
chr9	111774008	111774008	0
chr9	111774636	111774636	1
chr9	112920166	112920166	0
chr9	113015602	113015602	0
chr9	115092191	115092191	0
chr9	115102888	115102888	0
chr9	116098701	116098701	0
chr9	123472540	123472540	0
chr9	124121269	124121269	0
chr9	124125520	124125520	0
chr9	130194495	130194495	0
chr9	130220956	130220956	0
chr9	130221388	130221388	0
chr9	130224927	130224927	0
chr9	131577981	131577981	0
chr9	132588281	132588281	0
chr9	136281917	136281917	0
chr9	136281966	136281966	0
chr9	139010715	139010715	1
chr9	139277059	139277059	1
chr9	139320069	139320069	0
chr9	139948932	139948932	0
chr9	140006425	140006425	0
chr9	140152112	140152112	0
chr9	140152837	140152837	0
chr9	140153073	140153073	1
chr9	140156219	140156219	0
chr9	140157002	140157002	0
chr9	140157063	140157063	0
chr9	140157429	140157429	0
chr9	140157701	140157701	0
chr9	140158014	140158014	0
chr9	140158043	140158043	0
chr9	140158650	140158650	0
chr9	140158871	140158871	0
chr9	140158949	140158949	0
chr9	140159682	140159682	0
chr9	140161201	140161201	0
chr9	140161334	140161334	1
chr9	140161871	140161871	0
chr9	140161909	140161909	0
chr9	140163033	140163033	0
chr9	140164376	140164376	0
chr9	140164689	140164689	0
chr9	140167022	140167022	0
chr9	140179540	140179540	1
chr9	140356374	140356374	1
chr10	1016601	1016601	0
chr10	1022496	1022496	0
chr10	1024214	1024214	0
chr10	1025571	1025571	0
chr10	1026354	1026354	0
chr10	7514022	7514022	1
chr10	7514583	7514583	0
chr10	12133252	12133252	0
chr10	13330402	13330402	0
chr10	16855929	16855929	0
chr10	18819822	18819822	0
chr10	18820626	18820626	0
chr10	18820815	18820815	0
chr10	18830618	18830618	1
chr10	20236731	20236731	0
chr10	30588203	30588203	0
chr10	35272662	35272662	0
chr10	39028182	39028182	0
chr10	45548366	45548366	1
chr10	45825659	45825659	0
chr10	45842309	45842309	0
chr10	47646032	47646032	0
chr10	47959745	47959745	0
chr10	49886062	49886062	0
chr10	51122710	51122710	0
chr10	51804949	51804949	0
chr10	52357891	52357891	0
chr10	61467583	61467583	0
chr10	61469549	61469549	1
chr10	61469765	61469765	0
chr10	70236306	70236306	1
chr10	70245906	70245906	0
chr10	70603360	70603360	0
chr10	74903148	74903148	1
chr10	74909188	74909188	0
chr10	81432400	81432400	0
chr10	81443834	81443834	0
chr10	81444184	81444184	0
chr10	81444580	81444580	0
chr10	81444617	81444617	0
chr10	81459235	81459235	1
chr10	86073659	86073659	0
chr10	90501795	90501795	0
chr10	90501833	90501833	0
chr10	90501882	90501882	1
chr10	90501987	90501987	0
chr10	90502350	90502350	0
chr10	90502448	90502448	0
chr10	90502535	90502535	0
chr10	90502707	90502707	0
chr10	90503075	90503075	0
chr10	90503470	90503470	0
chr10	90503699	90503699	0
chr10	90504125	90504125	1
chr10	90504373	90504373	0
chr10	90504439	90504439	0
chr10	90504535	90504535	0
chr10	90505006	90505006	0
chr10	90505223	90505223	0
chr10	90505804	90505804	0
chr10	90505897	90505897	0
chr10	90506027	90506027	0
chr10	90506589	90506589	0
chr10	90506640	90506640	0
chr10	90507240	90507240	0
chr10	90507386	90507386	0
chr10	90507490	90507490	0
chr10	90507548	90507548	0
chr10	90507769	90507769	0
chr10	90508008	90508008	0
chr10	90508419	90508419	0
chr10	90508584	90508584	0
chr10	90509275	90509275	0
chr10	90509675	90509675	0
chr10	90509686	90509686	0
chr10	90509731	90509731	0
chr10	90510175	90510175	0
chr10	90510598	90510598	0
chr10	90510882	90510882	0
chr10	90511039	90511039	0
chr10	90511169	90511169	0
chr10	90511316	90511316	0
chr10	90511532	90511532	0
chr10	90511711	90511711	0
chr10	90512662	90512662	0
chr10	90512876	90512876	0
chr10	90516484	90516484	0
chr10	90516834	90516834	0
chr10	90517937	90517937	0
chr10	90517998	90517998	0
chr10	90518003	90518003	0
chr10	90518369	90518369	0
chr10	90519392	90519392	0
chr10	90520101	90520101	0
chr10	90520269	90520269	0
chr10	90520648	90520648	0
chr10	90520650	90520650	0
chr10	90520847	90520847	0
chr10	90521616	90521616	0
chr10	90522182	90522182	0
chr10	90522728	90522728	0
chr10	90522839	90522839	0
chr10	90523063	90523063	0
chr10	90523571	90523571	0
chr10	90524237	90524237	0
chr10	90524412	90524412	1
chr10	90524543	90524543	0
chr10	90524799	90524799	0
chr10	90524933	90524933	0
chr10	90525090	90525090	0
chr10	90525103	90525103	0
chr10	90525324	90525324	0
chr10	90783935	90783935	0
chr10	91523810	91523810	0
chr10	93603922	93603922	0
chr10	93633062	93633062	0
chr10	97581397	97581397	0
chr10	97584945	97584945	0
chr10	97586078	97586078	0
chr10	97586867	97586867	0
chr10	97587994	97587994	0
chr10	97592286	97592286	0
chr10	97600539	97600539	0
chr10	97601894	97601894	0
chr10	97602091	97602091	0
chr10	97605057	97605057	0
chr10	97607644	97607644	0
chr10	97608114	97608114	0
chr10	100176869	100176869	0
chr10	101946033	101946033	0
chr10	101946432	101946432	0
chr10	101947939	101947939	0
chr10	101951520	101951520	0
chr10	101951986	101951986	0
chr10	101954632	101954632	0
chr10	101955899	101955899	0
chr10	101956996	101956996	0
chr10	101958770	101958770	0
chr10	101958797	101958797	0
chr10	101960142	101960142	0
chr10	101963718	101963718	1
chr10	101966824	101966824	0
chr10	101969811	101969811	0
chr10	101970462	101970462	0
chr10	101972690	101972690	0
chr10	101975376	101975376	0
chr10	101977362	101977362	0
chr10	101980914	101980914	0
chr10	101985205	101985205	0
chr10	101989510	101989510	0
chr10	101993712	101993712	0
chr10	101994481	101994481	0
chr10	101995285	101995285	0
chr10	101995895	101995895	0
chr10	101996266	101996266	1
chr10	101996273	101996273	1
chr10	101998830	101998830	0
chr10	101999097	101999097	0
chr10	102000220	102000220	0
chr10	102001231	102001231	0
chr10	102001793	102001793	0
chr10	102002678	102002678	0
chr10	102002882	102002882	0
chr10	102003579	102003579	0
chr10	102004175	102004175	0
chr10	102006625	102006625	0
chr10	102008477	102008477	1
chr10	102009710	102009710	0
chr10	102009980	102009980	0
chr10	102011027	102011027	0
chr10	102011330	102011330	0
chr10	102011702	102011702	0
chr10	102012036	102012036	0
chr10	102012078	102012078	0
chr10	102016590	102016590	0
chr10	102018631	102018631	0
chr10	102020429	102020429	0
chr10	102025574	102025574	0
chr10	102027918	102027918	1
chr10	102033025	102033025	0
chr10	102034458	102034458	0
chr10	102034474	102034474	0
chr10	102039401	102039401	0
chr10	102041132	102041132	0
chr10	102044312	102044312	0
chr10	102044798	102044798	0
chr10	102048208	102048208	0
chr10	102048269	102048269	0
chr10	102048979	102048979	0
chr10	102756743	102756743	1
chr10	104227661	104227661	1
chr10	104487382	104487382	1
chr10	104623578	104623578	0
chr10	115794898	115794898	1
chr10	119037009	119037009	0
chr10	119037071	119037071	0
chr10	119038528	119038528	0
chr10	119052773	119052773	0
chr10	119055123	119055123	0
chr10	119103471	119103471	0
chr10	119141869	119141869	0
chr10	123688152	123688152	0
chr10	124126984	124126984	0
chr10	124127578	124127578	0
chr10	124129117	124129117	0
chr10	124134042	124134042	1
chr10	125245215	125245215	0
chr10	125248450	125248450	1
chr10	125249060	125249060	0
chr10	125249764	125249764	0
chr10	125253237	125253237	0
chr10	125255073	125255073	0
chr10	125256216	125256216	0
chr10	125829742	125829742	0
chr10	134144739	134144739	0
chr10	134270762	134270762	0
chr10	135229239	135229239	0
chr11	579256	579256	0
chr11	590605	590605	0
chr11	688091	688091	0
chr11	833327	833327	0
chr11	838842	838842	0
chr11	840363	840363	0
chr11	2321095	2321095	0
chr11	2969112	2969112	0
chr11	2977633	2977633	0
chr11	2978403	2978403	0
chr11	2978731	2978731	0
chr11	2986185	2986185	0
chr11	2987089	2987089	0
chr11	2987286	2987286	0
chr11	2990378	2990378	0
chr11	2991470	2991470	0
chr11	2992160	2992160	0
chr11	3003053	3003053	0
chr11	3005187	3005187	0
chr11	3009024	3009024	0
chr11	3009220	3009220	0
chr11	3010430	3010430	0
chr11	3010503	3010503	0
chr11	3385468	3385468	0
chr11	3385876	3385876	0
chr11	3386412	3386412	0
chr11	3390006	3390006	0
chr11	3390173	3390173	0
chr11	5642026	5642026	0
chr11	5689144	5689144	0
chr11	5690003	5690003	1
chr11	8615886	8615886	1
chr11	8986019	8986019	1
chr11	10877684	10877684	0
chr11	18433889	18433889	1
chr11	18517021	18517021	0
chr11	18524490	18524490	0
chr11	18525008	18525008	0
chr11	18525318	18525318	0
chr11	18528792	18528792	0
chr11	18529108	18529108	0
chr11	18539930	18539930	0
chr11	18540574	18540574	0
chr11	30315627	30315627	0
chr11	30318470	30318470	0
chr11	30329232	30329232	0
chr11	30334223	30334223	0
chr11	30335633	30335633	0
chr11	30335654	30335654	0
chr11	30335691	30335691	0
chr11	30336425	30336425	0
chr11	30337470	30337470	0
chr11	30340362	30340362	0
chr11	30344883	30344883	1
chr11	43877934	43877934	0
chr11	44087989	44087989	1
chr11	49873683	49873683	0
chr11	57326927	57326927	1
chr11	57488160	57488160	0
chr11	58967697	58967697	1
chr11	58968395	58968395	0
chr11	58970528	58970528	0
chr11	59020419	59020419	0
chr11	62378801	62378801	0
chr11	63934521	63934521	1
chr11	63937011	63937011	0
chr11	63943074	63943074	0
chr11	63943483	63943483	0
chr11	64078943	64078943	0
chr11	64085063	64085063	1
chr11	64105454	64105454	1
chr11	64105929	64105929	0
chr11	64106291	64106291	0
chr11	65063553	65063553	0
chr11	65064918	65064918	0
chr11	65069534	65069534	0
chr11	65087533	65087533	0
chr11	65095801	65095801	0
chr11	66348503	66348503	0
chr11	69031197	69031197	0
chr11	71166992	71166992	1
chr11	71167677	71167677	0
chr11	71167765	71167765	0
chr11	71168035	71168035	0
chr11	71169547	71169547	0
chr11	71169648	71169648	0
chr11	71171440	71171440	0
chr11	71181085	71181085	0
chr11	71182185	71182185	0
chr11	71183474	71183474	1
chr11	71183477	71183477	0
chr11	73500725	73500725	0
chr11	73501356	73501356	0
chr11	73501720	73501720	1
chr11	73501846	73501846	0
chr11	73505030	73505030	0
chr11	73527129	73527129	0
chr11	73529453	73529453	0
chr11	73532916	73532916	0
chr11	73534868	73534868	0
chr11	76018441	76018441	0
chr11	77851606	77851606	1
chr11	77853896	77853896	1
chr11	82798226	82798226	0
chr11	82802203	82802203	0
chr11	82803808	82803808	0
chr11	82813731	82813731	0
chr11	86029716	86029716	0
chr11	86037696	86037696	0
chr11	86038075	86038075	0
chr11	86039279	86039279	0
chr11	86039825	86039825	0
chr11	86055472	86055472	0
chr11	93255901	93255901	0
chr11	93476766	93476766	1
chr11	93483346	93483346	0
chr11	93500659	93500659	0
chr11	94169708	94169708	0
chr11	94186521	94186521	0
chr11	94188387	94188387	0
chr11	94212048	94212048	0
chr11	94212154	94212154	0
chr11	94213905	94213905	0
chr11	94214839	94214839	0
chr11	94218711	94218711	0
chr11	110303119	110303119	0
chr11	111197776	111197776	0
chr11	111210792	111210792	0
chr11	111211739	111211739	0
chr11	111211797	111211797	0
chr11	111213182	111213182	0
chr11	111214947	111214947	1
chr11	111216341	111216341	0
chr11	117010758	117010758	0
chr11	117076708	117076708	0
chr11	118828942	118828942	0
chr11	118894287	118894287	0
chr11	122748130	122748130	0
chr11	122748140	122748140	0
chr11	122748152	122748152	0
chr11	122748288	122748288	1
chr11	122748299	122748299	0
chr11	122748441	122748441	1
chr11	122748551	122748551	0
chr11	122748589	122748589	0
chr11	122748604	122748604	0
chr11	122748649	122748649	1
chr11	122748782	122748782	0
chr11	122749214	122749214	0
chr11	124824066	124824066	1
chr11	124933351	124933351	0
chr11	126156979	126156979	1
chr11	126226775	126226775	0
chr11	126227723	126227723	0
chr11	126228000	126228000	1
chr11	134131509	134131509	0
chr12	752360	752360	0
chr12	6570163	6570163	0
chr12	8082367	8082367	0
chr12	9392362	9392362	0
chr12	9528951	9528951	0
chr12	9800639	9800639	1
chr12	9829457	9829457	0
chr12	9829566	9829566	0
chr12	9831832	9831832	0
chr12	9833398	9833398	0
chr12	9842903	9842903	0
chr12	9843364	9843364	0
chr12	9844555	9844555	0
chr12	9844922	9844922	0
chr12	9847133	9847133	0
chr12	9847808	9847808	0
chr12	9847990	9847990	0
chr12	9850583	9850583	0
chr12	9850909	9850909	0
chr12	9853617	9853617	0
chr12	9853987	9853987	0
chr12	9855558	9855558	0
chr12	9858366	9858366	0
chr12	10525365	10525365	1
chr12	11158390	11158390	0
chr12	11250893	11250893	0
chr12	11325804	11325804	0
chr12	12224543	12224543	0
chr12	27130165	27130165	0
chr12	27370095	27370095	0
chr12	27371546	27371546	0
chr12	27375406	27375406	0
chr12	31227461	31227461	0
chr12	44173021	44173021	0
chr12	46748965	46748965	0
chr12	47644356	47644356	0
chr12	48856773	48856773	0
chr12	49321935	49321935	0
chr12	49519185	49519185	0
chr12	49573947	49573947	1
chr12	56401085	56401085	1
chr12	56861458	56861458	0
chr12	68404633	68404633	0
chr12	90670456	90670456	0
chr12	92826460	92826460	0
chr12	93878457	93878457	0
chr12	93879577	93879577	0
chr12	93901290	93901290	0
chr12	102052186	102052186	0
chr12	102056750	102056750	0
chr12	102057822	102057822	0
chr12	102057921	102057921	0
chr12	102463140	102463140	0
chr12	102483822	102483822	0
chr12	102501720	102501720	0
chr12	102508785	102508785	0
chr12	104163183	104163183	0
chr12	104235229	104235229	1
chr12	104237829	104237829	0
chr12	104239673	104239673	0
chr12	104284750	104284750	0
chr12	104339014	104339014	0
chr12	104339610	104339610	0
chr12	104339978	104339978	0
chr12	104340204	104340204	0
chr12	104341015	104341015	0
chr12	104341103	104341103	0
chr12	104341398	104341398	0
chr12	104342119	104342119	0
chr12	104344194	104344194	0
chr12	104345123	104345123	0
chr12	104345957	104345957	0
chr12	104346079	104346079	0
chr12	104346419	104346419	0
chr12	104348430	104348430	0
chr12	104349688	104349688	0
chr12	108295435	108295435	0
chr12	110045320	110045320	0
chr12	112601250	112601250	0
chr12	113805613	113805613	0
chr12	118459295	118459295	0
chr12	120906910	120906910	0
chr12	121029354	121029354	0
chr12	122436206	122436206	0
chr12	123162566	123162566	0
chr12	124159185	124159185	1
chr12	131201563	131201563	0
chr12	131280805	131280805	1
chr12	131280810	131280810	0
chr12	132625643	132625643	1
chr12	133214441	133214441	0
chr13	19955656	19955656	0
chr13	20028346	20028346	0
chr13	21989752	21989752	0
chr13	21996389	21996389	0
chr13	22028752	22028752	0
chr13	22030901	22030901	0
chr13	22031188	22031188	0
chr13	22032305	22032305	0
chr13	22123304	22123304	1
chr13	24457390	24457390	0
chr13	24461345	24461345	0
chr13	24462514	24462514	0
chr13	24463132	24463132	0
chr13	24463867	24463867	0
chr13	24469034	24469034	0
chr13	25813694	25813694	0
chr13	25813711	25813711	0
chr13	25818199	25818199	0
chr13	25818807	25818807	0
chr13	25819102	25819102	0
chr13	25819955	25819955	0
chr13	25820189	25820189	0
chr13	25824563	25824563	0
chr13	25825639	25825639	0
chr13	25835614	25835614	0
chr13	25840580	25840580	0
chr13	25846130	25846130	0
chr13	25859951	25859951	1
chr13	25860201	25860201	0
chr13	30896885	30896885	0
chr13	40215836	40215836	0
chr13	40216240	40216240	0
chr13	42406884	42406884	0
chr13	42408163	42408163	0
chr13	42411448	42411448	0
chr13	42411946	42411946	0
chr13	42423706	42423706	0
chr13	42440981	42440981	0
chr13	42447865	42447865	0
chr13	42449457	42449457	0
chr13	42452288	42452288	0
chr13	42452986	42452986	0
chr13	42459193	42459193	0
chr13	42459464	42459464	0
chr13	42460609	42460609	0
chr13	42466259	42466259	1
chr13	42484356	42484356	0
chr13	43571021	43571021	0
chr13	44420473	44420473	1
chr13	44472255	44472255	0
chr13	44473955	44473955	0
chr13	44474517	44474517	0
chr13	53174463	53174463	0
chr13	76091134	76091134	1
chr13	115062697	115062697	0
chr14	20957513	20957513	0
chr14	21962672	21962672	0
chr14	21963867	21963867	0
chr14	21968876	21968876	0
chr14	21973779	21973779	0
chr14	21974645	21974645	1
chr14	23026044	23026044	0
chr14	24610733	24610733	1
chr14	31919287	31919287	0
chr14	50797822	50797822	0
chr14	52312452	52312452	0
chr14	64729356	64729356	1
chr14	64734027	64734027	0
chr14	64734567	64734567	0
chr14	64736924	64736924	0
chr14	64738979	64738979	1
chr14	64740739	64740739	0
chr14	64743301	64743301	0
chr14	64743332	64743332	0
chr14	65375180	65375180	0
chr14	65375444	65375444	0
chr14	65375978	65375978	0
chr14	65376086	65376086	1
chr14	65377189	65377189	0
chr14	65378259	65378259	0
chr14	65378698	65378698	0
chr14	65379283	65379283	0
chr14	65379618	65379618	1
chr14	65383442	65383442	0
chr14	65384276	65384276	0
chr14	65386367	65386367	0
chr14	65386922	65386922	0
chr14	65387116	65387116	0
chr14	65387262	65387262	0
chr14	65387989	65387989	0
chr14	65388711	65388711	0
chr14	65389403	65389403	0
chr14	65392918	65392918	0
chr14	65393727	65393727	0
chr14	65394068	65394068	0
chr14	65395381	65395381	0
chr14	65395625	65395625	0
chr14	65396180	65396180	0
chr14	65396643	65396643	0
chr14	65396727	65396727	0
chr14	65400069	65400069	0
chr14	65401695	65401695	0
chr14	65402161	65402161	0
chr14	65403904	65403904	0
chr14	65403978	65403978	0
chr14	65404116	65404116	0
chr14	65404899	65404899	0
chr14	65404932	65404932	0
chr14	65405382	65405382	0
chr14	65407160	65407160	0
chr14	65407657	65407657	0
chr14	70774797	70774797	0
chr14	74552048	74552048	0
chr14	74787002	74787002	0
chr14	77564978	77564978	0
chr14	77571077	77571077	0
chr14	77574438	77574438	0
chr14	77582337	77582337	0
chr14	77582579	77582579	0
chr14	77586119	77586119	0
chr14	77587936	77587936	1
chr14	78023519	78023519	0
chr14	88338685	88338685	1
chr14	88338943	88338943	0
chr14	88343030	88343030	0
chr14	88344313	88344313	1
chr14	90350208	90350208	0
chr14	92280037	92280037	0
chr14	92292769	92292769	0
chr14	92294707	92294707	0
chr14	92296071	92296071	0
chr14	92297025	92297025	0
chr14	92535516	92535516	0
chr14	94808664	94808664	0
chr14	94808831	94808831	1
chr14	95996491	95996491	0
chr14	95996822	95996822	0
chr14	95997537	95997537	0
chr14	95998464	95998464	0
chr14	95998766	95998766	0
chr14	95999414	95999414	0
chr14	95999820	95999820	0
chr14	103230758	103230758	1
chr14	104066645	104066645	0
chr14	104114961	104114961	0
chr14	106570120	106570120	0
chr15	31117842	31117842	1
chr15	31119800	31119800	0
chr15	31157666	31157666	0
chr15	31165854	31165854	0
chr15	32810421	32810421	0
chr15	34335230	34335230	0
chr15	38858062	38858062	0
chr15	40239776	40239776	0
chr15	40283250	40283250	0
chr15	40330629	40330629	0
chr15	40941898	40941898	0
chr15	41096605	41096605	0
chr15	41099163	41099163	0
chr15	41099349	41099349	0
chr15	41670408	41670408	0
chr15	41672384	41672384	0
chr15	41679492	41679492	1
chr15	41689166	41689166	0
chr15	41689232	41689232	0
chr15	41690851	41690851	0
chr15	41693555	41693555	0
chr15	42137773	42137773	0
chr15	42184794	42184794	0
chr15	45123990	45123990	0
chr15	45579822	45579822	0
chr15	45579948	45579948	0
chr15	45729123	45729123	0
chr15	49075229	49075229	0
chr15	49793030	49793030	0
chr15	49794020	49794020	0
chr15	52392712	52392712	1
chr15	52392716	52392716	1
chr15	52392726	52392726	1
chr15	52742033	52742033	0
chr15	52774615	52774615	0
chr15	52776901	52776901	0
chr15	52784205	52784205	0
chr15	52796861	52796861	1
chr15	52806914	52806914	0
chr15	52815269	52815269	0
chr15	65756570	65756570	0
chr15	66817545	66817545	0
chr15	75131661	75131661	0
chr15	75194490	75194490	0
chr15	75292916	75292916	1
chr15	75293737	75293737	1
chr15	75294514	75294514	0
chr15	75295030	75295030	0
chr15	75295464	75295464	0
chr15	75295541	75295541	0
chr15	75295905	75295905	0
chr15	75297671	75297671	0
chr15	75298760	75298760	0
chr15	75299768	75299768	1
chr15	75300284	75300284	0
chr15	75300623	75300623	0
chr15	75302570	75302570	0
chr15	75304692	75304692	1
chr15	75305040	75305040	0
chr15	75306041	75306041	0
chr15	75306644	75306644	0
chr15	75306795	75306795	0
chr15	75310710	75310710	0
chr15	75311842	75311842	0
chr15	75315328	75315328	0
chr15	75318652	75318652	0
chr15	75320166	75320166	0
chr15	75323648	75323648	0
chr15	75325858	75325858	0
chr15	75808731	75808731	0
chr15	75915137	75915137	0
chr15	77376183	77376183	1
chr15	82451554	82451554	0
chr15	82475577	82475577	0
chr15	82476265	82476265	0
chr15	82500460	82500460	0
chr15	82509049	82509049	0
chr15	82511576	82511576	0
chr15	82529165	82529165	0
chr15	82529193	82529193	0
chr15	82530063	82530063	0
chr15	82544927	82544927	0
chr15	82558034	82558034	0
chr15	82581264	82581264	0
chr15	90701753	90701753	0
chr15	91382915	91382915	1
chr15	100052234	100052234	0
chr15	100052605	100052605	0
chr15	100052732	100052732	0
chr15	100411504	100411504	0
chr15	101094127	101094127	0
chr15	101110685	101110685	1
chr15	101111566	101111566	0
chr15	102272092	102272092	0
chr15	102273781	102273781	0
chr15	102276374	102276374	0
chr16	87217	87217	0
chr16	87376	87376	0
chr16	88245	88245	0
chr16	94535	94535	0
chr16	100956	100956	0
chr16	101277	101277	0
chr16	178543	178543	0
chr16	300399	300399	0
chr16	420907	420907	0
chr16	468450	468450	0
chr16	778024	778024	0
chr16	1004554	1004554	0
chr16	2037783	2037783	0
chr16	2296851	2296851	0
chr16	2297483	2297483	0
chr16	2298333	2298333	1
chr16	2298697	2298697	1
chr16	2299339	2299339	1
chr16	2300121	2300121	0
chr16	2581081	2581081	0
chr16	3112982	3112982	0
chr16	3114026	3114026	0
chr16	3147674	3147674	0
chr16	3181963	3181963	1
chr16	3181996	3181996	0
chr16	3182410	3182410	1
chr16	3183409	3183409	0
chr16	4296785	4296785	0
chr16	4825510	4825510	0
chr16	8693163	8693163	0
chr16	15080342	15080342	0
chr16	15301507	15301507	0
chr16	20891451	20891451	0
chr16	20893569	20893569	1
chr16	20893776	20893776	0
chr16	20894616	20894616	0
chr16	20904590	20904590	0
chr16	20906057	20906057	0
chr16	20909404	20909404	0
chr16	21812167	21812167	0
chr16	25043277	25043277	0
chr16	30141985	30141985	0
chr16	30142021	30142021	0
chr16	30144379	30144379	0
chr16	30323380	30323380	0
chr16	30326571	30326571	0
chr16	30340674	30340674	0
chr16	31665305	31665305	0
chr16	31665615	31665615	0
chr16	31669098	31669098	0
chr16	31673207	31673207	0
chr16	31681311	31681311	0
chr16	31682269	31682269	0
chr16	31682532	31682532	0
chr16	31683930	31683930	0
chr16	31684682	31684682	0
chr16	31685130	31685130	0
chr16	31686490	31686490	0
chr16	31687989	31687989	0
chr16	50088068	50088068	0
chr16	53439409	53439409	0
chr16	53445358	53445358	0
chr16	58254730	58254730	1
chr16	58255427	58255427	1
chr16	58255909	58255909	1
chr16	58256091	58256091	0
chr16	58256393	58256393	0
chr16	68140639	68140639	0
chr16	70164334	70164334	0
chr16	70190401	70190401	1
chr16	70807815	70807815	0
chr16	70826868	70826868	0
chr16	70830202	70830202	0
chr16	70830299	70830299	0
chr16	74445537	74445537	0
chr16	74664810	74664810	0
chr16	74668473	74668473	0
chr16	77747603	77747603	1
chr16	77747836	77747836	0
chr16	77748552	77748552	0
chr16	81056441	81056441	0
chr16	81126983	81126983	0
chr16	81127471	81127471	0
chr16	81128023	81128023	0
chr16	81128206	81128206	0
chr16	81128299	81128299	0
chr16	81128405	81128405	0
chr16	82203786	82203786	1
chr16	85044117	85044117	0
chr16	87345175	87345175	0
chr16	87345802	87345802	0
chr16	88732862	88732862	1
chr16	88737564	88737564	0
chr16	88773414	88773414	0
chr16	88927221	88927221	0
chr16	89167458	89167458	0
chr16	89977745	89977745	0
chr16	89986144	89986144	0
chr17	66675	66675	0
chr17	4814537	4814537	0
chr17	4980987	4980987	0
chr17	5126224	5126224	1
chr17	5321355	5321355	0
chr17	5333380	5333380	0
chr17	6481494	6481494	0
chr17	7151111	7151111	0
chr17	7154534	7154534	0
chr17	7156447	7156447	0
chr17	7158203	7158203	0
chr17	7161628	7161628	0
chr17	7163739	7163739	0
chr17	7207964	7207964	0
chr17	8706451	8706451	0
chr17	15467048	15467048	1
chr17	15587300	15587300	0
chr17	15708433	15708433	0
chr17	15747772	15747772	0
chr17	16351745	16351745	0
chr17	16351816	16351816	0
chr17	16351856	16351856	0
chr17	16353050	16353050	0
chr17	16353617	16353617	0
chr17	16353694	16353694	0
chr17	16474393	16474393	1
chr17	16474477	16474477	0
chr17	16724304	16724304	0
chr17	16725978	16725978	0
chr17	16725981	16725981	0
chr17	18477409	18477409	0
chr17	18586179	18586179	0
chr17	18775561	18775561	0
chr17	19190942	19190942	0
chr17	19195431	19195431	0
chr17	19204608	19204608	0
chr17	19258073	19258073	0
chr17	19270447	19270447	0
chr17	19299103	19299103	0
chr17	19299144	19299144	0
chr17	25636904	25636904	0
chr17	25973203	25973203	0
chr17	27895528	27895528	1
chr17	30606566	30606566	0
chr17	30606943	30606943	0
chr17	30659006	30659006	0
chr17	33571546	33571546	1
chr17	34149049	34149049	0
chr17	34183956	34183956	0
chr17	34199641	34199641	0
chr17	34842521	34842521	1
chr17	34848874	34848874	0
chr17	34850623	34850623	0
chr17	34862220	34862220	0
chr17	34866915	34866915	0
chr17	35990862	35990862	0
chr17	36000295	36000295	0
chr17	36003063	36003063	0
chr17	37075506	37075506	0
chr17	38982245	38982245	0
chr17	38991032	38991032	0
chr17	38999150	38999150	0
chr17	39000496	39000496	0
chr17	39003217	39003217	0
chr17	39003503	39003503	0
chr17	39004145	39004145	0
chr17	39005954	39005954	0
chr17	39006842	39006842	0
chr17	40727427	40727427	0
chr17	40735469	40735469	0
chr17	40737043	40737043	0
chr17	40740277	40740277	0
chr17	40742454	40742454	0
chr17	40742683	40742683	0
chr17	40749813	40749813	0
chr17	40751362	40751362	0
chr17	40752166	40752166	0
chr17	40753332	40753332	0
chr17	40757564	40757564	0
chr17	40760875	40760875	0
chr17	40763386	40763386	0
chr17	40767688	40767688	0
chr17	40769225	40769225	0
chr17	40769326	40769326	0
chr17	40771994	40771994	0
chr17	40772397	40772397	1
chr17	40772870	40772870	1
chr17	40775026	40775026	0
chr17	40778768	40778768	0
chr17	40778888	40778888	0
chr17	40779867	40779867	0
chr17	41176688	41176688	1
chr17	41318932	41318932	0
chr17	42116721	42116721	0
chr17	42152103	42152103	0
chr17	42985772	42985772	0
chr17	44265839	44265839	0
chr17	44296251	44296251	0
chr17	44324572	44324572	0
chr17	44344219	44344219	0
chr17	44344222	44344222	0
chr17	44355634	44355634	0
chr17	44662558	44662558	0
chr17	44819595	44819595	0
chr17	44848438	44848438	0
chr17	44853456	44853456	0
chr17	44853872	44853872	0
chr17	44853924	44853924	0
chr17	45034002	45034002	0
chr17	45034342	45034342	0
chr17	45034441	45034441	0
chr17	45034582	45034582	0
chr17	45036210	45036210	0
chr17	45037857	45037857	0
chr17	47880427	47880427	0
chr17	47887176	47887176	0
chr17	47924267	47924267	0
chr17	47939371	47939371	0
chr17	47939372	47939372	0
chr17	47940809	47940809	1
chr17	48625928	48625928	0
chr17	54916971	54916971	0
chr17	54917639	54917639	0
chr17	54917901	54917901	1
chr17	54918840	54918840	0
chr17	54919988	54919988	0
chr17	54920944	54920944	1
chr17	54921322	54921322	0
chr17	54921494	54921494	0
chr17	54922026	54922026	0
chr17	54922657	54922657	0
chr17	54922804	54922804	0
chr17	54926338	54926338	0
chr17	54926825	54926825	0
chr17	54928276	54928276	0
chr17	54928586	54928586	0
chr17	54928842	54928842	0
chr17	54930235	54930235	0
chr17	54930527	54930527	0
chr17	54932300	54932300	0
chr17	54932851	54932851	0
chr17	54933018	54933018	0
chr17	54934541	54934541	0
chr17	54939715	54939715	0
chr17	54939737	54939737	0
chr17	54940391	54940391	0
chr17	54940916	54940916	0
chr17	54941516	54941516	0
chr17	54942723	54942723	0
chr17	56472119	56472119	0
chr17	56473132	56473132	0
chr17	56475599	56475599	0
chr17	56481944	56481944	0
chr17	58156330	58156330	1
chr17	58156427	58156427	1
chr17	58167485	58167485	0
chr17	58168222	58168222	0
chr17	58168984	58168984	0
chr17	58172447	58172447	1
chr17	58173772	58173772	0
chr17	58174749	58174749	0
chr17	58176504	58176504	0
chr17	58176790	58176790	0
chr17	61776479	61776479	0
chr17	62079286	62079286	0
chr17	62789801	62789801	0
chr17	62971597	62971597	1
chr17	65818374	65818374	0
chr17	66253095	66253095	0
chr17	71153536	71153536	0
chr17	72869078	72869078	1
chr17	73222865	73222865	0
chr17	73229564	73229564	0
chr17	73240009	73240009	0
chr17	73242895	73242895	0
chr17	73242935	73242935	0
chr17	73583878	73583878	0
chr17	73874012	73874012	0
chr17	73874071	73874071	0
chr17	73876473	73876473	0
chr17	73885952	73885952	0
chr17	74706224	74706224	0
chr17	78079224	78079224	0
chr17	78079310	78079310	0
chr17	79068756	79068756	1
chr17	80384338	80384338	0
chr17	80385620	80385620	0
chr17	80387436	80387436	0
chr17	80652411	80652411	0
chr17	80652857	80652857	0
chr17	80675105	80675105	0
chr17	80752132	80752132	0
chr18	9710554	9710554	0
chr18	9710887	9710887	1
chr18	9712098	9712098	0
chr18	10526413	10526413	1
chr18	12659490	12659490	0
chr18	12659542	12659542	0
chr18	12660285	12660285	0
chr18	12662624	12662624	0
chr18	12662651	12662651	0
chr18	12664278	12664278	0
chr18	12999754	12999754	0
chr18	21083297	21083297	1
chr18	33791804	33791804	1
chr18	44345820	44345820	0
chr18	44346224	44346224	0
chr18	51902356	51902356	0
chr18	61626507	61626507	0
chr18	77766298	77766298	0
chr19	864861	864861	1
chr19	2721741	2721741	0
chr19	4400314	4400314	0
chr19	4458063	4458063	0
chr19	5789013	5789013	0
chr19	5790711	5790711	1
chr19	5791732	5791732	0
chr19	5792474	5792474	0
chr19	6925293	6925293	0
chr19	7701748	7701748	0
chr19	7782370	7782370	0
chr19	8389107	8389107	0
chr19	9790815	9790815	0
chr19	11065409	11065409	1
chr19	11166791	11166791	0
chr19	12520305	12520305	0
chr19	12524715	12524715	1
chr19	12876964	12876964	0
chr19	13869251	13869251	0
chr19	13870227	13870227	0
chr19	13871411	13871411	0
chr19	13871830	13871830	0
chr19	13871858	13871858	0
chr19	13872240	13872240	0
chr19	13874258	13874258	0
chr19	14887259	14887259	0
chr19	16339925	16339925	0
chr19	16776853	16776853	0
chr19	17399769	17399769	1
chr19	17405010	17405010	1
chr19	17412662	17412662	1
chr19	17412947	17412947	0
chr19	17413022	17413022	0
chr19	17413160	17413160	0
chr19	17414843	17414843	1
chr19	17415125	17415125	0
chr19	17415781	17415781	0
chr19	17416357	17416357	0
chr19	17417565	17417565	0
chr19	17419047	17419047	0
chr19	17422402	17422402	0
chr19	17422951	17422951	0
chr19	18626732	18626732	0
chr19	18630580	18630580	0
chr19	19976988	19976988	1
chr19	20718734	20718734	0
chr19	20719770	20719770	1
chr19	20720660	20720660	0
chr19	22293706	22293706	0
chr19	32896716	32896716	0
chr19	33146414	33146414	0
chr19	33859589	33859589	0
chr19	33863386	33863386	0
chr19	35837428	35837428	0
chr19	36148788	36148788	0
chr19	37251088	37251088	1
chr19	37256411	37256411	0
chr19	37257192	37257192	0
chr19	37257416	37257416	0
chr19	37258618	37258618	0
chr19	37260271	37260271	0
chr19	37260787	37260787	0
chr19	37261068	37261068	0
chr19	37261823	37261823	0
chr19	37264334	37264334	0
chr19	37264959	37264959	0
chr19	37985189	37985189	0
chr19	38753676	38753676	0
chr19	38753786	38753786	0
chr19	38754948	38754948	1
chr19	38754988	38754988	1
chr19	38755406	38755406	1
chr19	38755864	38755864	0
chr19	38814686	38814686	0
chr19	40859067	40859067	0
chr19	41242596	41242596	0
chr19	41415087	41415087	0
chr19	44022089	44022089	0
chr19	44025434	44025434	0
chr19	44026922	44026922	0
chr19	44028295	44028295	0
chr19	44029744	44029744	0
chr19	44033545	44033545	0
chr19	44035158	44035158	0
chr19	44235517	44235517	0
chr19	44235535	44235535	0
chr19	44488352	44488352	1
chr19	47126352	47126352	0
chr19	48758095	48758095	0
chr19	48758706	48758706	0
chr19	48758745	48758745	0
chr19	48758959	48758959	1
chr19	48759173	48759173	1
chr19	49957010	49957010	0
chr19	49957500	49957500	0
chr19	49958411	49958411	0
chr19	49968290	49968290	1
chr19	52213743	52213743	0
chr19	53662306	53662306	1
chr19	53700807	53700807	0
chr19	53934604	53934604	0
chr19	54619191	54619191	1
chr19	54626055	54626055	0
chr19	54627462	54627462	1
chr19	55121148	55121148	0
chr19	55574403	55574403	0
chr19	58008450	58008450	0
chr19	58008540	58008540	0
chr19	58008897	58008897	0
chr19	58305701	58305701	0
chr19	59000273	59000273	1
chr20	631139	631139	0
chr20	3372505	3372505	1
chr20	3734167	3734167	0
chr20	3868257	3868257	0
chr20	3868447	3868447	0
chr20	3869099	3869099	0
chr20	5479948	5479948	0
chr20	5480688	5480688	0
chr20	5481409	5481409	0
chr20	5938207	5938207	0
chr20	10016207	10016207	0
chr20	15960100	15960100	0
chr20	15960400	15960400	0
chr20	15960717	15960717	0
chr20	15962198	15962198	0
chr20	15964291	15964291	0
chr20	18380960	18380960	0
chr20	18387034	18387034	0
chr20	25054306	25054306	1
chr20	25054440	25054440	0
chr20	25055997	25055997	0
chr20	25057820	25057820	0
chr20	25058135	25058135	0
chr20	25058871	25058871	0
chr20	25059119	25059119	0
chr20	25059381	25059381	0
chr20	25059546	25059546	0
chr20	25061308	25061308	0
chr20	25061798	25061798	0
chr20	25061813	25061813	0
chr20	25061875	25061875	0
chr20	25062001	25062001	0
chr20	25062145	25062145	0
chr20	25063832	25063832	0
chr20	25064042	25064042	0
chr20	25064491	25064491	0
chr20	25064864	25064864	0
chr20	25920889	25920889	0
chr20	29578170	29578170	0
chr20	30524260	30524260	0
chr20	30532043	30532043	0
chr20	30532709	30532709	0
chr20	33550774	33550774	0
chr20	42312297	42312297	0
chr20	43300331	43300331	0
chr20	46046247	46046247	0
chr20	46046334	46046334	0
chr20	46046647	46046647	0
chr20	52676047	52676047	0
chr20	52679492	52679492	1
chr20	60976768	60976768	0
chr20	61462502	61462502	0
chr21	15526434	15526434	0
chr21	15754578	15754578	0
chr21	19179271	19179271	0
chr21	26758994	26758994	0
chr21	33150549	33150549	1
chr21	33150945	33150945	0
chr21	33151040	33151040	0
chr21	33151085	33151085	0
chr21	33151465	33151465	0
chr21	33151757	33151757	0
chr21	33151762	33151762	0
chr21	33152010	33152010	0
chr21	35289246	35289246	0
chr21	38444890	38444890	0
chr21	38445069	38445069	0
chr21	38445095	38445095	0
chr21	40729973	40729973	0
chr21	40734649	40734649	0
chr21	40737799	40737799	0
chr21	40737996	40737996	0
chr21	40740906	40740906	1
chr21	40741430	40741430	0
chr21	45061035	45061035	0
chr21	45199150	45199150	0
chr21	45625253	45625253	0
chr21	47283897	47283897	0
chr21	47649802	47649802	0
chr22	18075263	18075263	0
chr22	19275606	19275606	0
chr22	19277809	19277809	0
chr22	19279221	19279221	1
chr22	19280168	19280168	0
chr22	19281255	19281255	0
chr22	19282854	19282854	0
chr22	19283478	19283478	0
chr22	19283871	19283871	0
chr22	19284517	19284517	1
chr22	19284808	19284808	1
chr22	19284832	19284832	1
chr22	20490507	20490507	1
chr22	21062697	21062697	0
chr22	23079989	23079989	0
chr22	23091245	23091245	0
chr22	30758363	30758363	1
chr22	37171611	37171611	0
chr22	37596333	37596333	0
chr22	37596855	37596855	0
chr22	38454827	38454827	1
chr22	38457302	38457302	0
chr22	39063011	39063011	0
chr22	39063015	39063015	0
chr22	39358037	39358037	0
chr22	39420601	39420601	0
chr22	39420612	39420612	0
chr22	41941749	41941749	0
chr22	42121789	42121789	1
chr22	42152988	42152988	1
chr22	42511822	42511822	0
chr22	42905495	42905495	0
chr22	42913651	42913651	0
chr22	43549739	43549739	0
chr22	43581447	43581447	0
chr22	44356480	44356480	0
chr22	44566985	44566985	0
chr22	45647347	45647347	1
chr22	45647357	45647357	1
chr22	45647363	45647363	1
chr22	50699404	50699404	0
chr22	50765888	50765888	0
chr22	50978520	50978520	0
